-58.3828662043
-24.3122229779
-11.2775060704
-36.4591755838
-73.9692135528
-9.75308795549
-41.1150204112
-12.9687555308
-27.7590734696
-43.422721149
-20.1121924354
-33.3739531147
-27.5921717206
-12.1151538123
-8.84505934353
-12.1779569332
-20.9452414925
-29.2031531494
-73.0391093168
-104.547982028
-30.0515570056
-107.372847165
-26.4892093644
-25.3012499985
-10.3591998113
-13.7951696187
-36.3281229457
-12.7482181768
-8.62221998151
-14.9135985541
-32.3608930738
-10.1848264693
-131.480996142
-157.898520366
-57.7894096435
-71.7489486442
-27.5006391006
-8.91490325944
-8.4230658903
-8.41517407039
-22.666456446
-17.1948130723
-94.6783518464
-9.7042868145

-66.8042573287
-27.6023678989
-12.1091230989
-35.1018360701
-84.5254932313
-10.3637038275
-50.0327465702
-14.1717423537
-38.5294308133
-53.4027348652
-24.5936716885
-39.7769720815
-30.6635575472
-12.5130210854
-9.09522783455
-12.9810504268
-22.8161495542
-32.9226790528
-82.790880187
-123.451355917
-33.1114487678
-124.839299654
-31.279899023
-28.6528892647
-10.2190525753
-16.5940055896
-39.8086469045
-15.7250582995
-8.74459710515
-18.7047973289
-45.1082624881
-11.172692882
-147.663938512
-180.767046458
-63.681850594
-81.8078915366
-20.7261139775
-9.3951455493
-8.74685994641
-8.7376670909
-24.0428271049
-18.2676780145
-104.148674792
-9.6519493275
